1111111111111111111111111111111111111111
1010101111001011010110000000111110000101
0111111000001110000010001100011111110111
1010001101110111111110101000011100000001
1000011101110111110111011100010001000101
1001100111011101010110111001110000010101
1000100000111111010111111010101101010111
0000000010000101000000111111110101000000
0011111100010110000011111011011101011100
0000000100010000011110001101110111000000
1011110000001101000110100010101010010101
1111101010101011111100100010101000000001
1011101000110101110000100011111001010001
0111100010001101011110000011101011000000
0010111110100001010100101000001111111100
0001000110000100010101101111000111000000
1100010001010001000001111010000001010101
1101000100010111010100000100010100010101
1000010101001010101110000101000100010001
1111111111111111111111111111111111111111