11111111111111111111
10101010000100010101
10101011110010110101
10000000111110000101
01111110000011100000
10001100011111110111
10100011011101111111
10101000011100000001
10000111011101111101
11011100010001000101
10011001110111010101
10111001110000010101
10001000001111110101
11111010101101010111
00000000100001010000
00111111110101011100
00000011000101100000
11111011011101011111
11100001000100000111
10001101110111010111
10111100000011010001
10000010101010010101
11111010101010111111
00000010101000000000
00111010001101011100
00000011111001010000
11111000100011010111
10000011101011110101
10101111101000010101
10101000001111010101
10000001100001000101
11101111000111100101
11100010010100010001
11111010000001110101
11110000010101110101
10000000010100000001
10111101010010101011
10000001000010001011
11111111111111111111